Date,Bey,ELO,match_id,MatchIndex
2025-09-07,BlackShell,1000.0,0,0
2025-09-07,BlackShell,980.0,3,1
2025-11-12,BlackShell,1001.54,40,2
2025-11-12,BlackShell,986.42,53,3
2025-12-02,BlackShell,1006.66,81,4
2025-12-02,BlackShell,986.96,91,5
2025-12-11,BlackShell,976.55,105,6
2025-12-27,BlackShell,962.59,131,7
2025-12-27,BlackShell,943.25,146,8
2026-01-04,BlackShell,918.65,191,9
2026-03-20,BlackShell,938.95,439,10
2026-03-20,BlackShell,929.22,449,11
2026-03-20,BlackShell,911.02,459,12
2026-05-22,BlackShell,926.65,651,13
2026-05-22,BlackShell,941.35,653,14
2026-05-22,BlackShell,956.49,665,15
2026-05-22,BlackShell,948.96,668,16
2025-11-12,CerberusFlame,1000.0,0,0
2025-11-12,CerberusFlame,1015.72,38,1
2025-11-12,CerberusFlame,1032.85,52,2
2025-11-12,CerberusFlame,1055.93,60,3
2025-11-12,CerberusFlame,1038.73,64,4
2025-12-02,CerberusFlame,1050.27,69,5
2025-12-02,CerberusFlame,1069.68,87,6
2025-12-11,CerberusFlame,1082.33,105,7
2025-12-11,CerberusFlame,1062.19,114,8
2025-12-27,CerberusFlame,1042.42,119,9
2025-12-27,CerberusFlame,1024.53,138,10
2025-12-27,CerberusFlame,1033.44,152,11
2025-12-27,CerberusFlame,1017.35,161,12
2026-01-04,CerberusFlame,1033.71,186,13
2026-01-04,CerberusFlame,1042.94,198,14
2026-01-04,CerberusFlame,1054.3,204,15
2026-01-04,CerberusFlame,1038.48,210,16
2026-01-04,CerberusFlame,1027.15,211,17
2026-01-30,CerberusFlame,1021.76,270,18
2026-02-11,CerberusFlame,1012.18,283,19
2026-02-11,CerberusFlame,1000.92,291,20
2026-02-11,CerberusFlame,992.53,307,21
2026-02-13,CerberusFlame,1007.5,332,22
2026-02-26,CerberusFlame,1002.28,349,23
2026-02-26,CerberusFlame,996.01,351,24
2026-02-26,CerberusFlame,991.77,378,25
2026-02-26,CerberusFlame,1004.34,389,26
2026-03-01,CerberusFlame,994.31,412,27
2026-03-01,CerberusFlame,1004.67,415,28
2026-04-03,CerberusFlame,1016.16,478,29
2026-04-03,CerberusFlame,1022.71,491,30
2026-04-25,CerberusFlame,1017.76,517,31
2026-04-25,CerberusFlame,1023.55,533,32
2026-05-02,CerberusFlame,1031.71,546,33
2026-05-02,CerberusFlame,1021.86,563,34
2026-05-02,CerberusFlame,1017.28,580,35
2026-06-07,CerberusFlame,1010.69,686,36
2026-06-07,CerberusFlame,1017.25,703,37
2026-06-07,CerberusFlame,1023.88,717,38
2026-06-25,CerberusFlame,1017.23,734,39
2026-08-07,CerberusFlame,1009.34,748,40
2026-08-07,CerberusFlame,1014.09,765,41
2026-02-26,ClockMirage,1000.0,0,0
2026-02-26,ClockMirage,980.91,381,1
2026-02-26,ClockMirage,953.7,382,2
2026-02-26,ClockMirage,972.22,384,3
2026-02-26,ClockMirage,985.71,385,4
2026-03-20,ClockMirage,965.23,438,5
2026-03-20,ClockMirage,948.12,452,6
2026-03-20,ClockMirage,962.53,463,7
2026-05-22,ClockMirage,973.15,645,8
2026-05-22,ClockMirage,986.81,647,9
2026-05-22,ClockMirage,997.82,671,10
2026-05-22,ClockMirage,980.14,674,11
2025-09-07,CobaltDragoon,1000.0,0,0
2025-09-07,CobaltDragoon,1024.12,12,1
2025-09-07,CobaltDragoon,1007.01,22,2
2025-11-12,CobaltDragoon,1019.26,33,3
2025-11-12,CobaltDragoon,1042.23,49,4
2025-11-12,CobaltDragoon,1025.13,57,5
2025-12-02,CobaltDragoon,1038.6,70,6
2025-12-02,CobaltDragoon,1052.86,88,7
2025-12-11,CobaltDragoon,1035.29,107,8
2025-12-27,CobaltDragoon,1052.86,120,9
2025-12-27,CobaltDragoon,1031.53,167,10
2026-01-04,CobaltDragoon,1044.99,187,11
2026-01-04,CobaltDragoon,1033.37,198,12
2026-01-04,CobaltDragoon,1040.4,214,13
2026-01-04,CobaltDragoon,1050.13,215,14
2026-01-30,CobaltDragoon,1061.96,267,15
2026-02-11,CobaltDragoon,1075.85,286,16
2026-02-11,CobaltDragoon,1089.44,291,17
2026-02-13,CobaltDragoon,1071.03,331,18
2026-02-26,CobaltDragoon,1057.83,348,19
2026-02-26,CobaltDragoon,1067.52,352,20
2026-02-26,CobaltDragoon,1054.71,377,21
2026-03-01,CobaltDragoon,1043.98,413,22
2026-03-01,CobaltDragoon,1037.71,416,23
2026-04-03,CobaltDragoon,1050.85,476,24
2026-04-03,CobaltDragoon,1044.33,494,25
2026-04-25,CobaltDragoon,1035.85,515,26
2026-04-25,CobaltDragoon,1044.3,532,27
2026-05-02,CobaltDragoon,1054.39,548,28
2026-05-02,CobaltDragoon,1062.86,563,29
2026-05-02,CobaltDragoon,1051.77,581,30
2026-05-02,CobaltDragoon,1060.45,588,31
2026-05-10,CobaltDragoon,1067.92,592,32
2026-05-10,CobaltDragoon,1061.77,596,33
2026-05-10,CobaltDragoon,1072.13,598,34
2026-05-10,CobaltDragoon,1062.29,599,35
2026-06-07,CobaltDragoon,1058.27,690,36
2026-06-07,CobaltDragoon,1065.02,707,37
2026-06-07,CobaltDragoon,1055.19,721,38
2026-06-25,CobaltDragoon,1051.65,738,39
2026-08-07,CobaltDragoon,1047.02,752,40
2026-08-07,CobaltDragoon,1039.58,769,41
2026-01-04,CobaltDrake,1000.0,0,0
2026-01-04,CobaltDrake,984.12,176,1
2026-01-04,CobaltDrake,976.52,178,2
2026-01-04,CobaltDrake,964.9,214,3
2026-01-04,CobaltDrake,940.0,216,4
2026-01-04,CobaltDrake,954.84,217,5
2026-02-26,CobaltDrake,946.33,387,6
2026-03-20,CobaltDrake,969.25,436,7
2026-03-20,CobaltDrake,959.67,447,8
2026-03-20,CobaltDrake,971.2,458,9
2026-03-20,CobaltDrake,987.06,465,10
2026-04-03,CobaltDrake,977.89,470,11
2026-04-25,CobaltDrake,965.62,505,12
2026-04-25,CobaltDrake,954.77,509,13
2026-04-25,CobaltDrake,971.66,525,14
2026-05-02,CobaltDrake,964.19,538,15
2026-05-02,CobaltDrake,971.8,555,16
2026-05-02,CobaltDrake,961.99,572,17
2026-05-22,CobaltDrake,952.14,651,18
2026-05-22,CobaltDrake,966.48,654,19
2026-05-22,CobaltDrake,970.96,670,20
2026-05-22,CobaltDrake,981.81,674,21
2026-05-22,CobaltDrake,966.75,676,22
2025-09-07,CrimsonGaruda,1000.0,0,0
2025-09-07,CrimsonGaruda,980.0,7,1
2025-11-12,CrimsonGaruda,961.53,47,2
2025-12-02,CrimsonGaruda,986.65,84,3
2025-12-02,CrimsonGaruda,976.97,93,4
2025-12-27,CrimsonGaruda,957.28,128,5
2025-12-27,CrimsonGaruda,972.81,150,6
2025-12-27,CrimsonGaruda,963.13,152,7
2026-01-04,CrimsonGaruda,978.71,193,8
2026-01-04,CrimsonGaruda,994.79,201,9
2026-01-04,CrimsonGaruda,1007.36,205,10
2026-01-04,CrimsonGaruda,1026.94,210,11
2026-01-04,CrimsonGaruda,1005.09,212,12
2026-01-30,CrimsonGaruda,994.73,257,13
2026-02-11,CrimsonGaruda,985.09,276,14
2026-02-11,CrimsonGaruda,972.33,301,15
2026-02-13,CrimsonGaruda,987.53,321,16
2026-02-26,CrimsonGaruda,978.91,338,17
2026-02-26,CrimsonGaruda,973.14,362,18
2026-02-26,CrimsonGaruda,964.01,367,19
2026-03-01,CrimsonGaruda,976.56,393,20
2026-03-01,CrimsonGaruda,986.62,396,21
2026-03-20,CrimsonGaruda,996.27,443,22
2026-03-20,CrimsonGaruda,1002.33,449,23
2026-03-20,CrimsonGaruda,988.16,457,24
2026-03-20,CrimsonGaruda,980.33,464,25
2026-05-22,CrimsonGaruda,969.93,633,26
2026-05-22,CrimsonGaruda,976.6,636,27
2026-05-22,CrimsonGaruda,987.81,672,28
2026-05-22,CrimsonGaruda,977.81,675,29
2025-09-07,DranBrave,1000.0,0,0
2025-09-07,DranBrave,1013.8,5,1
2025-09-07,DranBrave,998.76,19,2
2025-11-12,DranBrave,980.05,42,3
2025-12-02,DranBrave,965.12,78,4
2025-12-02,DranBrave,947.47,100,5
2025-12-11,DranBrave,981.32,106,6
2025-12-11,DranBrave,973.89,113,7
2025-12-27,DranBrave,989.03,125,8
2025-12-27,DranBrave,999.23,145,9
2025-12-27,DranBrave,1012.44,153,10
2025-12-27,DranBrave,1002.45,164,11
2026-01-04,DranBrave,1011.23,181,12
2026-01-04,DranBrave,1027.72,195,13
2026-01-04,DranBrave,1040.93,202,14
2026-01-04,DranBrave,1025.33,209,15
2026-01-04,DranBrave,1040.17,211,16
2026-01-30,DranBrave,1028.77,262,17
2026-02-11,DranBrave,1040.43,278,18
2026-02-11,DranBrave,1024.33,292,19
2026-02-13,DranBrave,1031.64,325,20
2026-02-26,DranBrave,1039.83,342,21
2026-02-26,DranBrave,1052.56,358,22
2026-02-26,DranBrave,1058.97,371,23
2026-03-01,DranBrave,1047.02,404,24
2026-03-01,DranBrave,1053.84,407,25
2026-04-03,DranBrave,1068.47,479,26
2026-04-03,DranBrave,1081.55,492,27
2026-04-25,DranBrave,1088.36,517,28
2026-04-25,DranBrave,1072.28,531,29
2026-05-02,DranBrave,1060.45,548,30
2026-05-02,DranBrave,1054.68,562,31
2026-05-02,DranBrave,1062.42,578,32
2026-06-07,DranBrave,1070.1,686,33
2026-06-07,DranBrave,1077.99,704,34
2026-06-07,DranBrave,1082.08,719,35
2026-06-25,DranBrave,1073.4,733,36
2026-08-07,DranBrave,1061.28,749,37
2026-08-07,DranBrave,1055.88,763,38
2025-09-07,DranBuster,1000.0,0,0
2025-09-07,DranBuster,975.88,9,1
2025-11-12,DranBuster,1000.29,45,2
2025-11-12,DranBuster,989.01,59,3
2025-12-02,DranBuster,969.2,81,4
2025-12-02,DranBuster,991.28,96,5
2025-12-27,DranBuster,1013.91,134,6
2025-12-27,DranBuster,994.37,137,7
2025-12-27,DranBuster,983.37,156,8
2026-01-04,DranBuster,973.38,181,9
2026-01-04,DranBuster,966.95,220,10
2026-03-20,DranBuster,947.53,441,11
2026-03-20,DranBuster,924.51,454,12
2026-05-22,DranBuster,904.17,644,13
2026-05-22,DranBuster,919.38,648,14
2026-05-22,DranBuster,942.76,673,15
2026-05-22,DranBuster,957.79,675,16
2026-05-22,DranBuster,972.38,676,17
2026-06-07,DranBuster,963.7,679,18
2026-06-07,DranBuster,972.9,693,19
2026-06-07,DranBuster,985.64,712,20
2026-06-25,DranBuster,965.09,728,21
2026-08-07,DranBuster,975.98,741,22
2026-08-07,DranBuster,968.9,757,23
2025-09-07,DranDagger,1000.0,0,0
2025-09-07,DranDagger,1020.0,7,1
2025-09-07,DranDagger,1001.8,20,2
2025-11-12,DranDagger,1025.85,51,3
2025-11-12,DranDagger,1039.55,59,4
2025-11-12,DranDagger,1014.79,63,5
2025-12-02,DranDagger,1030.2,71,6
2025-12-02,DranDagger,1041.58,89,7
2025-12-11,DranDagger,1057.12,103,8
2025-12-11,DranDagger,1039.55,111,9
2025-12-27,DranDagger,1021.96,121,10
2025-12-27,DranDagger,1031.84,139,11
2025-12-27,DranDagger,1013.01,162,12
2026-01-30,DranDagger,1002.52,264,13
2026-02-11,DranDagger,987.84,280,14
2026-02-11,DranDagger,976.37,293,15
2026-02-13,DranDagger,990.5,329,16
2026-02-26,DranDagger,980.5,341,17
2026-02-26,DranDagger,973.17,359,18
2026-02-26,DranDagger,966.35,371,19
2026-03-01,DranDagger,956.33,403,20
2026-03-01,DranDagger,966.04,405,21
2026-04-03,DranDagger,953.2,468,22
2026-04-03,DranDagger,942.33,486,23
2026-04-25,DranDagger,962.85,507,24
2026-04-25,DranDagger,958.83,524,25
2026-05-02,DranDagger,947.04,540,26
2026-05-02,DranDagger,939.62,555,27
2026-05-02,DranDagger,954.52,573,28
2026-05-22,DranDagger,965.63,649,29
2026-05-22,DranDagger,961.41,652,30
2026-05-22,DranDagger,971.55,663,31
2026-05-22,DranDagger,979.99,667,32
2026-05-22,DranDagger,992.05,669,33
2026-06-07,DranDagger,999.4,679,34
2026-06-07,DranDagger,1007.82,695,35
2026-06-07,DranDagger,999.15,710,36
2026-06-25,DranDagger,987.22,725,37
2026-08-07,DranDagger,990.38,744,38
2026-08-07,DranDagger,997.37,759,39
2025-09-07,DranSword,1000.0,0,0
2025-09-07,DranSword,1013.09,6,1
2025-09-07,DranSword,1028.03,19,2
2025-09-07,DranSword,1046.84,26,3
2025-09-07,DranSword,1031.02,29,4
2025-11-12,DranSword,1012.14,40,5
2025-12-02,DranSword,1023.56,78,6
2025-12-02,DranSword,1040.26,86,7
2025-12-27,DranSword,1054.92,122,8
2025-12-27,DranSword,1077.94,161,9
2025-12-27,DranSword,1091.35,168,10
2025-12-27,DranSword,1065.48,172,11
2025-12-27,DranSword,1081.92,174,12
2026-01-04,DranSword,1061.33,188,13
2026-01-04,DranSword,1045.8,221,14
2026-01-04,DranSword,1050.36,224,15
2026-01-30,DranSword,1041.39,267,16
2026-02-11,DranSword,1050.56,283,17
2026-02-11,DranSword,1037.43,287,18
2026-02-13,DranSword,1025.86,330,19
2026-02-26,DranSword,1020.2,347,20
2026-02-26,DranSword,1035.57,353,21
2026-02-26,DranSword,1050.32,376,22
2026-03-01,DranSword,1058.73,414,23
2026-03-01,DranSword,1048.68,417,24
2026-04-03,DranSword,1042.37,477,25
2026-04-03,DranSword,1048.91,494,26
2026-04-25,DranSword,1053.01,516,27
2026-04-25,DranSword,1062.28,530,28
2026-05-02,DranSword,1069.53,547,29
2026-05-02,DranSword,1077.11,562,30
2026-05-02,DranSword,1083.42,580,31
2026-05-10,DranSword,1093.93,590,32
2026-05-10,DranSword,1085.2,595,33
2026-05-10,DranSword,1091.59,597,34
2026-05-10,DranSword,1102.02,599,35
2026-05-10,DranSword,1090.97,603,36
2026-06-07,DranSword,1085.21,691,37
2026-06-07,DranSword,1094.08,705,38
2026-06-07,DranSword,1082.65,724,39
2026-06-25,DranSword,1089.23,740,40
2026-08-07,DranSword,1094.27,752,41
2026-08-07,DranSword,1101.66,768,42
2026-02-11,EmperorMight,1000.0,0,0
2026-02-11,EmperorMight,980.0,302,1
2026-02-11,EmperorMight,965.0,303,2
2026-02-26,EmperorMight,947.8,384,3
2026-02-26,EmperorMight,927.61,388,4
2026-03-20,EmperorMight,957.2,438,5
2026-03-20,EmperorMight,944.53,448,6
2026-03-20,EmperorMight,963.56,462,7
2026-03-20,EmperorMight,951.94,467,8
2026-05-22,EmperorMight,936.98,643,9
2026-05-22,EmperorMight,920.26,647,10
2025-09-07,FoxBrush,1000.0,0,0
2025-09-07,FoxBrush,1024.12,9,1
2025-09-07,FoxBrush,1042.24,21,2
2025-09-07,FoxBrush,1066.12,27,3
2025-09-07,FoxBrush,1085.37,30,4
2025-09-07,FoxBrush,1048.97,31,5
2025-11-12,FoxBrush,1065.96,41,6
2025-11-12,FoxBrush,1083.21,53,7
2025-11-12,FoxBrush,1095.78,61,8
2025-11-12,FoxBrush,1110.63,64,9
2025-11-12,FoxBrush,1128.98,66,10
2025-12-02,FoxBrush,1147.08,67,11
2025-12-02,FoxBrush,1121.24,85,12
2025-12-11,FoxBrush,1095.6,106,13
2025-12-27,FoxBrush,1105.26,127,14
2025-12-27,FoxBrush,1120.02,137,15
2025-12-27,FoxBrush,1095.84,163,16
2026-01-04,FoxBrush,1099.69,178,17
2026-01-04,FoxBrush,1084.98,194,18
2026-01-30,FoxBrush,1071.59,268,19
2026-02-11,FoxBrush,1055.44,282,20
2026-02-11,FoxBrush,1063.85,290,21
2026-02-13,FoxBrush,1052.75,334,22
2026-02-26,FoxBrush,1062.56,345,23
2026-02-26,FoxBrush,1049.56,353,24
2026-02-26,FoxBrush,1063.22,377,25
2026-03-01,FoxBrush,1073.97,412,26
2026-03-01,FoxBrush,1079.53,418,27
2026-04-03,FoxBrush,1086.48,483,28
2026-04-03,FoxBrush,1097.33,496,29
2026-04-25,FoxBrush,1108.03,521,30
2026-04-25,FoxBrush,1091.13,535,31
2026-05-02,FoxBrush,1099.22,552,32
2026-05-02,FoxBrush,1088.54,566,33
2026-05-02,FoxBrush,1094.97,582,34
2026-05-10,FoxBrush,1102.66,591,35
2026-05-10,FoxBrush,1108.66,596,36
2026-05-10,FoxBrush,1120.01,600,37
2026-05-10,FoxBrush,1112.46,604,38
2026-05-10,FoxBrush,1126.18,605,39
2026-06-07,FoxBrush,1131.56,690,40
2026-06-07,FoxBrush,1122.75,708,41
2026-06-07,FoxBrush,1132.18,723,42
2026-06-25,FoxBrush,1144.42,737,43
2026-08-07,FoxBrush,1157.23,753,44
2026-08-07,FoxBrush,1164.19,767,45
2026-05-22,GhostCircle,1000.0,0,0
2026-05-22,GhostCircle,1016.15,632,1
2026-05-22,GhostCircle,1002.39,634,2
2026-05-22,GhostCircle,980.63,665,3
2025-09-07,GolemRock,1000.0,0,0
2025-09-07,GolemRock,1020.0,3,1
2025-09-07,GolemRock,996.63,18,2
2025-11-12,GolemRock,1009.08,37,3
2025-11-12,GolemRock,994.11,52,4
2025-12-02,GolemRock,1010.35,83,5
2025-12-02,GolemRock,997.46,88,6
2025-12-27,GolemRock,1013.1,136,7
2025-12-27,GolemRock,1035.39,138,8
2025-12-27,GolemRock,1066.32,163,9
2025-12-27,GolemRock,1079.24,171,10
2025-12-27,GolemRock,1060.92,173,11
2025-12-27,GolemRock,1042.96,174,12
2026-01-04,GolemRock,1051.1,182,13
2026-01-04,GolemRock,1064.27,196,14
2026-01-04,GolemRock,1080.7,203,15
2026-01-04,GolemRock,1096.06,209,16
2026-01-04,GolemRock,1116.66,212,17
2026-01-04,GolemRock,1088.36,219,18
2026-01-04,GolemRock,1093.64,220,19
2026-01-04,GolemRock,1109.3,221,20
2026-01-30,GolemRock,1115.78,270,21
2026-02-11,GolemRock,1097.0,284,22
2026-02-11,GolemRock,1081.21,289,23
2026-02-13,GolemRock,1072.73,333,24
2026-02-26,GolemRock,1065.07,345,25
2026-02-26,GolemRock,1077.9,354,26
2026-02-26,GolemRock,1083.79,375,27
2026-03-01,GolemRock,1076.77,414,28
2026-03-01,GolemRock,1081.77,416,29
2026-04-03,GolemRock,1076.97,482,30
2026-04-03,GolemRock,1068.88,495,31
2026-04-25,GolemRock,1059.86,521,32
2026-04-25,GolemRock,1051.38,537,33
2026-05-02,GolemRock,1038.14,550,34
2026-05-02,GolemRock,1031.77,567,35
2026-05-02,GolemRock,1025.75,584,36
2026-06-07,GolemRock,1014.15,687,37
2026-06-07,GolemRock,1005.1,701,38
2026-06-07,GolemRock,996.9,720,39
2026-06-25,GolemRock,982.78,736,40
2026-08-07,GolemRock,997.7,748,41
2026-08-07,GolemRock,1010.54,764,42
2026-02-26,HellsBrave,1000.0,0,0
2026-02-26,HellsBrave,984.12,380,1
2026-02-26,HellsBrave,1010.6,382,2
2026-02-26,HellsBrave,1027.11,388,3
2026-03-20,HellsBrave,1046.96,437,4
2026-03-20,HellsBrave,1059.88,446,5
2026-03-20,HellsBrave,1078.06,456,6
2026-04-03,HellsBrave,1088.24,471,7
2026-04-25,HellsBrave,1109.01,505,8
2026-04-25,HellsBrave,1119.6,506,9
2026-04-25,HellsBrave,1128.08,524,10
2026-05-02,HellsBrave,1135.07,539,11
2026-05-02,HellsBrave,1106.26,557,12
2026-05-02,HellsBrave,1119.62,571,13
2026-05-10,HellsBrave,1102.98,589,14
2026-05-10,HellsBrave,1113.6,593,15
2026-05-10,HellsBrave,1097.07,598,16
2026-05-10,HellsBrave,1106.55,602,17
2026-06-07,HellsBrave,1110.46,681,18
2026-06-07,HellsBrave,1099.52,700,19
2026-06-07,HellsBrave,1090.29,714,20
2026-06-25,HellsBrave,1078.47,731,21
2026-08-07,HellsBrave,1084.32,747,22
2026-08-07,HellsBrave,1090.05,761,23
2025-09-07,HellsChain,1000.0,0,0
2025-09-07,HellsChain,986.2,10,1
2025-11-12,HellsChain,1004.74,34,2
2025-11-12,HellsChain,991.69,50,3
2025-12-02,HellsChain,978.51,82,4
2025-12-02,HellsChain,993.3,97,5
2025-12-27,HellsChain,976.06,135,6
2025-12-27,HellsChain,994.46,146,7
2025-12-27,HellsChain,978.48,154,8
2026-01-04,HellsChain,1002.66,179,9
2026-01-04,HellsChain,1021.43,194,10
2026-01-04,HellsChain,1007.9,202,11
2026-01-04,HellsChain,1000.58,206,12
2026-01-30,HellsChain,1009.26,257,13
2026-02-11,HellsChain,1022.63,273,14
2026-02-11,HellsChain,1008.33,297,15
2026-02-13,HellsChain,1019.49,320,16
2026-02-26,HellsChain,1005.16,337,17
2026-02-26,HellsChain,994.09,363,18
2026-02-26,HellsChain,1007.3,366,19
2026-03-01,HellsChain,1014.7,394,20
2026-03-01,HellsChain,1026.44,397,21
2026-04-03,HellsChain,1016.9,475,22
2026-04-03,HellsChain,1028.05,488,23
2026-04-25,HellsChain,1037.58,513,24
2026-04-25,HellsChain,1043.52,527,25
2026-05-02,HellsChain,1032.0,544,26
2026-05-02,HellsChain,1018.25,558,27
2026-05-02,HellsChain,1025.8,574,28
2026-06-07,HellsChain,1033.57,682,29
2026-06-07,HellsChain,1042.56,700,30
2026-06-07,HellsChain,1050.42,715,31
2026-06-25,HellsChain,1059.03,729,32
2026-08-07,HellsChain,1047.63,746,33
2026-08-07,HellsChain,1053.31,760,34
2025-09-07,HellsHammer,1000.0,0,0
2025-09-07,HellsHammer,986.91,6,1
2025-11-12,HellsHammer,962.88,49,2
2025-12-02,HellsHammer,941.37,79,3
2025-12-02,HellsHammer,918.59,101,4
2025-12-27,HellsHammer,899.99,124,5
2026-03-20,HellsHammer,874.62,443,6
2026-03-20,HellsHammer,900.11,453,7
2026-03-20,HellsHammer,930.41,460,8
2026-03-20,HellsHammer,944.02,464,9
2026-04-03,HellsHammer,937.79,471,10
2026-04-03,HellsHammer,930.41,484,11
2026-04-25,HellsHammer,941.81,509,12
2026-04-25,HellsHammer,932.96,523,13
2026-05-02,HellsHammer,947.02,540,14
2026-05-02,HellsHammer,957.25,554,15
2026-05-02,HellsHammer,970.78,570,16
2026-05-02,HellsHammer,960.08,586,17
2026-06-07,HellsHammer,970.0,678,18
2026-06-07,HellsHammer,960.2,695,19
2026-06-07,HellsHammer,972.75,709,20
2026-06-25,HellsHammer,985.61,726,21
2026-08-07,HellsHammer,970.54,741,22
2026-08-07,HellsHammer,952.57,758,23
2025-09-07,HellsReaper,1000.0,0,0
2025-09-07,HellsReaper,986.2,5,1
2025-11-12,HellsReaper,971.21,43,2
2025-12-02,HellsReaper,954.74,74,3
2025-12-02,HellsReaper,937.42,97,4
2025-12-27,HellsReaper,960.05,123,5
2025-12-27,HellsReaper,973.36,149,6
2025-12-27,HellsReaper,990.51,154,7
2025-12-27,HellsReaper,1003.08,159,8
2025-12-27,HellsReaper,1024.04,167,9
2025-12-27,HellsReaper,1012.52,171,10
2026-01-04,HellsReaper,1036.23,180,11
2026-01-04,HellsReaper,1015.25,195,12
2026-01-30,HellsReaper,1026.42,262,13
2026-02-11,HellsReaper,1013.0,281,14
2026-02-11,HellsReaper,1024.81,296,15
2026-02-13,HellsReaper,1009.52,326,16
2026-02-26,HellsReaper,1001.93,343,17
2026-02-26,HellsReaper,1014.3,357,18
2026-02-26,HellsReaper,1004.26,372,19
2026-03-01,HellsReaper,1011.38,403,20
2026-03-01,HellsReaper,1003.96,406,21
2026-04-03,HellsReaper,1013.74,473,22
2026-04-03,HellsReaper,1005.05,490,23
2026-04-25,HellsReaper,1010.81,512,24
2026-04-25,HellsReaper,1005.07,526,25
2026-05-02,HellsReaper,999.27,543,26
2026-05-02,HellsReaper,1012.07,558,27
2026-05-02,HellsReaper,1005.4,576,28
2026-05-02,HellsReaper,1011.3,586,29
2026-06-07,HellsReaper,1002.4,684,30
2026-06-07,HellsReaper,993.2,697,31
2026-06-07,HellsReaper,999.06,713,32
2026-06-25,HellsReaper,1008.31,731,33
2026-08-07,HellsReaper,1015.98,746,34
2025-09-07,ImpactDrake,1000.0,0,0
2025-09-07,ImpactDrake,1013.09,4,1
2025-09-07,ImpactDrake,1035.11,18,2
2025-09-07,ImpactDrake,1058.88,25,3
2025-09-07,ImpactDrake,1075.73,29,4
2025-09-07,ImpactDrake,1111.11,31,5
2025-11-12,ImpactDrake,1121.09,32,6
2025-11-12,ImpactDrake,1129.13,48,7
2025-11-12,ImpactDrake,1103.52,56,8
2025-12-02,ImpactDrake,1120.68,68,9
2025-12-02,ImpactDrake,1100.84,86,10
2025-12-11,ImpactDrake,1109.1,109,11
2025-12-11,ImpactDrake,1123.35,111,12
2025-12-11,ImpactDrake,1135.12,116,13
2025-12-11,ImpactDrake,1143.92,118,14
2025-12-27,ImpactDrake,1119.57,129,15
2025-12-27,ImpactDrake,1103.67,144,16
2026-01-04,ImpactDrake,1116.85,188,17
2026-01-04,ImpactDrake,1122.66,199,18
2026-01-04,ImpactDrake,1111.04,204,19
2026-01-04,ImpactDrake,1116.57,207,20
2026-01-04,ImpactDrake,1107.32,208,21
2026-01-30,ImpactDrake,1115.12,271,22
2026-02-11,ImpactDrake,1127.27,282,23
2026-02-11,ImpactDrake,1116.55,288,24
2026-02-13,ImpactDrake,1125.36,333,25
2026-02-26,ImpactDrake,1129.89,347,26
2026-02-26,ImpactDrake,1119.88,352,27
2026-02-26,ImpactDrake,1123.06,378,28
2026-03-01,ImpactDrake,1129.28,410,29
2026-03-01,ImpactDrake,1120.88,419,30
2026-03-20,ImpactDrake,1127.58,422,31
2026-03-20,ImpactDrake,1134.3,427,32
2026-03-20,ImpactDrake,1142.5,431,33
2026-03-20,ImpactDrake,1154.77,435,34
2026-04-03,ImpactDrake,1158.98,480,35
2026-04-03,ImpactDrake,1165.54,498,36
2026-04-25,ImpactDrake,1154.84,519,37
2026-04-25,ImpactDrake,1146.76,536,38
2026-05-02,ImpactDrake,1139.8,552,39
2026-05-02,ImpactDrake,1143.52,567,40
2026-05-02,ImpactDrake,1149.72,585,41
2026-05-10,ImpactDrake,1142.27,590,42
2026-05-10,ImpactDrake,1136.66,593,43
2026-05-10,ImpactDrake,1128.77,601,44
2026-06-07,ImpactDrake,1138.26,689,45
2026-06-07,ImpactDrake,1143.82,708,46
2026-06-07,ImpactDrake,1149.15,722,47
2026-06-25,ImpactDrake,1142.81,739,48
2026-08-07,ImpactDrake,1147.81,754,49
2026-08-07,ImpactDrake,1141.58,768,50
2025-11-12,KnightMail,1000.0,0,0
2025-11-12,KnightMail,1024.52,39,1
2025-11-12,KnightMail,1042.13,57,2
2025-11-12,KnightMail,1027.93,61,3
2025-12-02,KnightMail,1045.54,72,4
2025-12-02,KnightMail,1026.74,90,5
2025-12-11,KnightMail,1012.74,108,6
2025-12-11,KnightMail,1028.76,112,7
2025-12-11,KnightMail,1014.23,115,8
2025-12-11,KnightMail,1026.47,117,9
2025-12-27,KnightMail,1043.58,130,10
2025-12-27,KnightMail,1025.03,142,11
2025-12-27,KnightMail,1010.09,155,12
2026-01-04,KnightMail,996.92,187,13
2026-01-30,KnightMail,1014.12,263,14
2026-02-11,KnightMail,1025.78,280,15
2026-02-11,KnightMail,1014.12,294,16
2026-02-13,KnightMail,1006.61,325,17
2026-02-26,KnightMail,1014.8,343,18
2026-02-26,KnightMail,1024.44,356,19
2026-02-26,KnightMail,1035.82,374,20
2026-03-01,KnightMail,1048.75,401,21
2026-03-01,KnightMail,1038.63,409,22
2026-03-20,KnightMail,1024.76,423,23
2026-03-20,KnightMail,1017.84,425,24
2026-03-20,KnightMail,1030.77,432,25
2026-04-03,KnightMail,1018.55,479,26
2026-04-03,KnightMail,1011.88,491,27
2026-04-25,KnightMail,1023.23,514,28
2026-04-25,KnightMail,1017.03,532,29
2026-05-02,KnightMail,1010.89,547,30
2026-05-02,KnightMail,1003.57,565,31
2026-05-02,KnightMail,1012.28,579,32
2026-06-07,KnightMail,1018.85,683,33
2026-06-07,KnightMail,1022.82,699,34
2026-06-07,KnightMail,1030.32,714,35
2026-06-25,KnightMail,1023.41,729,36
2025-09-07,LeonClaw,1000.0,0,0
2025-09-07,LeonClaw,980.0,8,1
2025-11-12,LeonClaw,973.02,48,2
2025-12-02,LeonClaw,993.37,80,3
2025-12-02,LeonClaw,1008.34,90,4
2025-12-27,LeonClaw,993.86,127,5
2025-12-27,LeonClaw,982.42,141,6
2025-12-27,LeonClaw,996.12,151,7
2025-12-27,LeonClaw,1015.76,162,8
2025-12-27,LeonClaw,1004.58,168,9
2026-01-04,LeonClaw,986.62,184,10
2026-01-30,LeonClaw,997.52,261,11
2026-02-11,LeonClaw,1007.81,276,12
2026-02-11,LeonClaw,1016.88,300,13
2026-02-13,LeonClaw,1031.59,322,14
2026-02-26,LeonClaw,1016.3,336,15
2026-02-26,LeonClaw,1025.67,360,16
2026-02-26,LeonClaw,1011.07,365,17
2026-03-01,LeonClaw,1022.43,391,18
2026-03-01,LeonClaw,1009.3,397,19
2026-04-03,LeonClaw,1016.79,475,20
2026-04-03,LeonClaw,1009.02,487,21
2026-04-25,LeonClaw,1015.71,510,22
2026-04-25,LeonClaw,1008.02,528,23
2026-05-02,LeonClaw,1013.97,543,24
2026-05-02,LeonClaw,1007.84,561,25
2026-05-02,LeonClaw,1001.17,575,26
2026-06-07,LeonClaw,1009.14,677,27
2026-06-07,LeonClaw,1000.16,696,28
2026-06-07,LeonClaw,1007.17,710,29
2026-06-25,LeonClaw,1000.77,727,30
2026-08-07,LeonClaw,1008.9,743,31
2026-08-07,LeonClaw,1013.59,757,32
2025-09-07,LeonCrest,1000.0,0,0
2025-09-07,LeonCrest,986.91,4,1
2025-11-12,LeonCrest,972.62,37,2
2025-12-02,LeonCrest,952.63,71,3
2025-12-02,LeonCrest,974.69,94,4
2025-12-11,LeonCrest,963.93,104,5
2025-12-27,LeonCrest,978.43,131,6
2025-12-27,LeonCrest,989.91,141,7
2025-12-27,LeonCrest,1000.5,160,8
2025-12-27,LeonCrest,1020.67,170,9
2025-12-27,LeonCrest,1043.86,172,10
2025-12-27,LeonCrest,1073.67,175,11
2026-01-04,LeonCrest,1042.06,180,12
2026-01-30,LeonCrest,1061.62,268,13
2026-02-11,LeonCrest,1043.86,285,14
2026-02-11,LeonCrest,1064.47,289,15
2026-02-13,LeonCrest,1080.4,330,16
2026-02-26,LeonCrest,1097.87,348,17
2026-02-26,LeonCrest,1107.63,351,18
2026-02-26,LeonCrest,1091.02,379,19
2026-03-01,LeonCrest,1068.73,411,20
2026-03-01,LeonCrest,1077.67,419,21
2026-03-20,LeonCrest,1066.48,420,22
2026-03-20,LeonCrest,1075.78,424,23
2026-03-20,LeonCrest,1068.68,429,24
2026-03-20,LeonCrest,1074.01,433,25
2026-04-03,LeonCrest,1067.2,481,26
2026-04-03,LeonCrest,1059.77,497,27
2026-04-25,LeonCrest,1054.36,518,28
2026-04-25,LeonCrest,1068.22,535,29
2026-05-02,LeonCrest,1078.03,550,30
2026-05-02,LeonCrest,1084.18,568,31
2026-05-02,LeonCrest,1075.37,585,32
2026-05-02,LeonCrest,1065.96,588,33
2026-06-07,LeonCrest,1072.19,685,34
2026-06-07,LeonCrest,1065.75,704,35
2026-06-07,LeonCrest,1073.35,718,36
2026-06-25,LeonCrest,1062.92,735,37
2026-08-07,LeonCrest,1053.93,750,38
2026-08-07,LeonCrest,1042.74,764,39
2026-05-22,MeteorDragoon,1000.0,0,0
2026-05-22,MeteorDragoon,1019.84,644,1
2026-05-22,MeteorDragoon,1003.88,646,2
2026-05-22,MeteorDragoon,1025.7,666,3
2026-05-22,MeteorDragoon,1038.85,668,4
2026-05-22,MeteorDragoon,1012.59,669,5
2025-11-12,PegasusBlast,1000.0,0,0
2025-11-12,PegasusBlast,982.8,41,1
2025-12-02,PegasusBlast,956.63,77,2
2025-12-02,PegasusBlast,939.97,99,3
2025-12-27,PegasusBlast,922.7,126,4
2026-01-04,PegasusBlast,907.16,217,5
2026-01-04,PegasusBlast,922.86,218,6
2026-03-20,PegasusBlast,946.86,441,7
2026-03-20,PegasusBlast,959.72,450,8
2026-03-20,PegasusBlast,949.29,458,9
2026-03-20,PegasusBlast,932.36,465,10
2026-05-22,PegasusBlast,918.5,632,11
2026-05-22,PegasusBlast,902.85,635,12
2025-09-07,PerseusDark,1000.0,0,0
2025-09-07,PerseusDark,1024.12,13,1
2025-09-07,PerseusDark,1007.01,23,2
2025-11-12,PerseusDark,983.19,39,3
2025-12-02,PerseusDark,965.07,68,4
2025-12-02,PerseusDark,982.85,100,5
2025-12-27,PerseusDark,1001.58,135,6
2025-12-27,PerseusDark,989.25,139,7
2025-12-27,PerseusDark,1003.79,157,8
2025-12-27,PerseusDark,992.16,159,9
2026-01-04,PerseusDark,1007.92,183,10
2026-01-04,PerseusDark,994.18,196,11
2026-01-30,PerseusDark,1003.76,264,12
2026-02-11,PerseusDark,994.26,279,13
2026-02-11,PerseusDark,1007.93,292,14
2026-02-13,PerseusDark,1022.56,326,15
2026-02-26,PerseusDark,1033.79,344,16
2026-02-26,PerseusDark,1017.39,355,17
2026-02-26,PerseusDark,1004.86,374,18
2026-02-26,PerseusDark,994.18,389,19
2026-03-01,PerseusDark,983.31,400,20
2026-03-01,PerseusDark,992.19,408,21
2026-04-03,PerseusDark,1004.94,472,22
2026-04-03,PerseusDark,1013.04,490,23
2026-04-25,PerseusDark,1002.55,511,24
2026-04-25,PerseusDark,1009.0,528,25
2026-05-02,PerseusDark,1017.88,544,26
2026-05-02,PerseusDark,1009.44,559,27
2026-05-02,PerseusDark,1000.85,577,28
2026-05-02,PerseusDark,992.71,587,29
2026-06-07,PerseusDark,985.26,683,30
2026-06-07,PerseusDark,996.62,697,31
2026-06-07,PerseusDark,988.29,716,32
2026-06-25,PerseusDark,993.34,732,33
2026-08-07,PerseusDark,983.79,745,34
2026-08-07,PerseusDark,978.64,761,35
2026-05-22,PhoenixFlare,1000.0,0,0
2026-05-22,PhoenixFlare,1016.02,638,1
2026-05-22,PhoenixFlare,1037.72,640,2
2026-05-22,PhoenixFlare,1005.37,673,3
2025-09-07,PhoenixRudder,1000.0,0,0
2025-09-07,PhoenixRudder,1013.8,16,1
2025-09-07,PhoenixRudder,1028.4,24,2
2025-09-07,PhoenixRudder,1012.63,28,3
2025-11-12,PhoenixRudder,996.23,36,4
2025-12-02,PhoenixRudder,983.12,70,5
2025-12-02,PhoenixRudder,996.45,102,6
2025-12-11,PhoenixRudder,988.22,109,7
2025-12-27,PhoenixRudder,969.48,130,8
2025-12-27,PhoenixRudder,951.61,148,9
2026-03-20,PhoenixRudder,971.03,442,10
2026-03-20,PhoenixRudder,981.64,448,11
2026-03-20,PhoenixRudder,970.98,456,12
2026-03-20,PhoenixRudder,980.3,466,13
2026-04-03,PhoenixRudder,970.68,469,14
2026-04-03,PhoenixRudder,983.02,485,15
2026-04-25,PhoenixRudder,978.02,506,16
2026-04-25,PhoenixRudder,986.19,523,17
2026-05-02,PhoenixRudder,993.38,538,18
2026-05-02,PhoenixRudder,1005.48,556,19
2026-05-02,PhoenixRudder,989.47,573,20
2026-06-07,PhoenixRudder,999.37,680,21
2026-06-07,PhoenixRudder,989.99,693,22
2026-06-07,PhoenixRudder,979.37,709,23
2026-06-25,PhoenixRudder,987.46,727,24
2026-08-07,PhoenixRudder,999.6,742,25
2026-08-07,PhoenixRudder,990.51,759,26
2025-09-07,PhoenixWing,1000.0,0,0
2025-09-07,PhoenixWing,1013.09,11,1
2025-09-07,PhoenixWing,1028.67,22,2
2025-09-07,PhoenixWing,1006.61,27,3
2025-11-12,PhoenixWing,991.25,34,4
2025-12-02,PhoenixWing,1007.29,76,5
2025-12-02,PhoenixWing,997.44,89,6
2025-12-11,PhoenixWing,1011.54,107,7
2025-12-11,PhoenixWing,995.33,112,8
2025-12-27,PhoenixWing,974.43,134,9
2025-12-27,PhoenixWing,996.59,144,10
2025-12-27,PhoenixWing,1011.94,155,11
2025-12-27,PhoenixWing,998.14,158,12
2026-01-04,PhoenixWing,1012.58,216,13
2026-01-04,PhoenixWing,1033.43,219,14
2026-01-30,PhoenixWing,1015.02,263,15
2026-02-11,PhoenixWing,1001.66,277,16
2026-02-11,PhoenixWing,991.22,295,17
2026-02-13,PhoenixWing,980.37,329,18
2026-02-26,PhoenixWing,969.96,340,19
2026-02-26,PhoenixWing,955.24,358,20
2026-02-26,PhoenixWing,968.62,372,21
2026-03-01,PhoenixWing,976.84,402,22
2026-03-01,PhoenixWing,969.53,408,23
2026-04-03,PhoenixWing,956.25,472,24
2026-04-03,PhoenixWing,942.76,488,25
2026-04-25,PhoenixWing,934.11,512,26
2026-04-25,PhoenixWing,954.34,529,27
2026-05-02,PhoenixWing,965.79,545,28
2026-05-02,PhoenixWing,974.43,560,29
2026-05-02,PhoenixWing,981.5,575,30
2026-06-07,PhoenixWing,973.68,685,31
2026-06-07,PhoenixWing,968.88,702,32
2026-06-07,PhoenixWing,965.88,719,33
2026-06-25,PhoenixWing,974.86,736,34
2026-08-07,PhoenixWing,966.3,751,35
2026-08-07,PhoenixWing,961.79,765,36
2025-09-07,RhinoReaper,1000.0,0,0
2025-09-07,RhinoReaper,980.0,15,1
2025-11-12,RhinoReaper,995.45,46,2
2025-11-12,RhinoReaper,1008.5,55,3
2025-11-12,RhinoReaper,1029.5,63,4
2025-11-12,RhinoReaper,1053.71,65,5
2025-11-12,RhinoReaper,1033.72,66,6
2025-12-02,RhinoReaper,1043.52,73,7
2025-12-02,RhinoReaper,1065.04,91,8
2025-12-27,RhinoReaper,1048.81,122,9
2025-12-27,RhinoReaper,1033.13,143,10
2025-12-27,RhinoReaper,1020.21,157,11
2026-01-04,RhinoReaper,1005.74,186,12
2026-01-30,RhinoReaper,994.0,260,13
2026-02-11,RhinoReaper,1005.02,274,14
2026-02-11,RhinoReaper,1018.65,299,15
2026-02-13,RhinoReaper,1012.23,323,16
2026-02-26,RhinoReaper,1003.29,335,17
2026-02-26,RhinoReaper,1014.96,364,18
2026-02-26,RhinoReaper,1025.92,365,19
2026-03-01,RhinoReaper,1017.68,394,20
2026-03-01,RhinoReaper,1008.78,396,21
2026-04-03,RhinoReaper,1017.15,474,22
2026-04-03,RhinoReaper,1023.52,487,23
2026-04-25,RhinoReaper,1015.52,513,24
2026-04-25,RhinoReaper,1002.35,529,25
2026-05-02,RhinoReaper,993.21,542,26
2026-05-02,RhinoReaper,1002.48,559,27
2026-05-02,RhinoReaper,1009.8,576,28
2026-06-07,RhinoReaper,1018.44,684,29
2026-06-07,RhinoReaper,1009.46,698,30
2026-06-07,RhinoReaper,1017.52,716,31
2026-06-25,RhinoReaper,1009.63,730,32
2026-08-07,RhinoReaper,1005.92,747,33
2026-08-07,RhinoReaper,1001.01,760,34
2026-05-22,SamuraiCalibur,1000.0,0,0
2026-05-22,SamuraiCalibur,977.4,649,1
2026-05-22,SamuraiCalibur,952.28,654,2
2025-09-07,SamuraiSaber,1000.0,0,0
2025-09-07,SamuraiSaber,986.2,2,1
2025-11-12,SamuraiSaber,963.83,45,2
2025-12-02,SamuraiSaber,941.74,83,3
2025-12-02,SamuraiSaber,924.46,102,4
2025-12-11,SamuraiSaber,911.3,110,5
2025-12-27,SamuraiSaber,888.04,123,6
2026-01-04,SamuraiSaber,882.03,185,7
2026-01-04,SamuraiSaber,867.11,218,8
2026-03-20,SamuraiSaber,856.34,445,9
2026-03-20,SamuraiSaber,831.95,455,10
2026-05-22,SamuraiSaber,857.0,633,11
2026-05-22,SamuraiSaber,873.29,635,12
2026-05-22,SamuraiSaber,866.75,670,13
2026-05-22,SamuraiSteel,1000.0,0,0
2026-05-22,SamuraiSteel,1019.09,650,1
2026-05-22,SamuraiSteel,1030.5,652,2
2026-05-22,SamuraiSteel,1003.84,672,3
2025-09-07,ScorpioSpear,1000.0,0,0
2025-09-07,ScorpioSpear,986.2,16,1
2025-11-12,ScorpioSpear,1001.19,43,2
2025-11-12,ScorpioSpear,1015.57,54,3
2025-11-12,ScorpioSpear,990.2,62,4
2025-12-02,ScorpioSpear,980.07,69,5
2025-12-02,ScorpioSpear,997.13,101,6
2025-12-11,ScorpioSpear,1009.13,108,7
2025-12-27,ScorpioSpear,1032.63,129,8
2025-12-27,ScorpioSpear,1019.85,140,9
2025-12-27,ScorpioSpear,1032.0,156,10
2025-12-27,ScorpioSpear,1048.7,158,11
2025-12-27,ScorpioSpear,1025.4,166,12
2026-01-04,ScorpioSpear,1042.24,222,13
2026-01-30,ScorpioSpear,1027.15,269,14
2026-02-11,ScorpioSpear,1043.69,284,15
2026-02-11,ScorpioSpear,1062.56,287,16
2026-02-13,ScorpioSpear,1080.91,331,17
2026-02-26,ScorpioSpear,1088.94,349,18
2026-02-26,ScorpioSpear,1064.08,350,19
2026-02-26,ScorpioSpear,1076.22,379,20
2026-03-01,ScorpioSpear,1066.83,410,21
2026-03-01,ScorpioSpear,1059.2,418,22
2026-03-20,ScorpioSpear,1054.27,421,23
2026-03-20,ScorpioSpear,1045.57,424,24
2026-03-20,ScorpioSpear,1032.03,432,25
2026-04-03,ScorpioSpear,1027.71,480,26
2026-04-03,ScorpioSpear,1015.06,496,27
2026-04-25,ScorpioSpear,1027.5,520,28
2026-04-25,ScorpioSpear,1035.94,537,29
2026-05-02,ScorpioSpear,1049.67,553,30
2026-05-02,ScorpioSpear,1043.91,568,31
2026-05-02,ScorpioSpear,1054.16,583,32
2026-05-10,ScorpioSpear,1046.46,592,33
2026-05-10,ScorpioSpear,1052.55,594,34
2026-05-10,ScorpioSpear,1047.07,597,35
2026-05-10,ScorpioSpear,1040.23,602,36
2026-06-07,ScorpioSpear,1031.76,689,37
2026-06-07,ScorpioSpear,1043.27,706,38
2026-06-07,ScorpioSpear,1036.22,723,39
2026-06-25,ScorpioSpear,1028.86,740,40
2026-08-07,ScorpioSpear,1021.58,755,41
2026-08-07,ScorpioSpear,1030.33,769,42
2025-09-07,SharkEdge,1000.0,0,0
2025-09-07,SharkEdge,975.88,12,1
2025-11-12,SharkEdge,994.99,47,2
2025-11-12,SharkEdge,981.82,55,3
2025-12-02,SharkEdge,971.78,75,4
2025-12-02,SharkEdge,987.04,98,5
2025-12-11,SharkEdge,995.84,110,6
2025-12-11,SharkEdge,1010.19,114,7
2025-12-11,SharkEdge,1025.39,115,8
2025-12-11,SharkEdge,1015.99,118,9
2025-12-27,SharkEdge,1026.72,133,10
2025-12-27,SharkEdge,1044.85,142,11
2025-12-27,SharkEdge,1030.04,165,12
2026-01-04,SharkEdge,1012.89,183,13
2026-01-04,SharkEdge,1001.31,213,14
2026-01-30,SharkEdge,1009.87,258,15
2026-02-11,SharkEdge,997.42,272,16
2026-02-11,SharkEdge,988.97,300,17
2026-02-11,SharkEdge,970.77,308,18
2026-02-13,SharkEdge,982.94,324,19
2026-02-26,SharkEdge,992.69,335,20
2026-02-26,SharkEdge,1004.09,363,21
2026-02-26,SharkEdge,1011.35,367,22
2026-03-01,SharkEdge,1003.29,392,23
2026-03-01,SharkEdge,997.25,398,24
2026-04-03,SharkEdge,987.83,473,25
2026-04-03,SharkEdge,977.8,489,26
2026-04-25,SharkEdge,969.33,510,27
2026-04-25,SharkEdge,963.58,527,28
2026-05-02,SharkEdge,973.58,542,29
2026-05-02,SharkEdge,962.93,560,30
2026-05-02,SharkEdge,973.63,577,31
2026-06-07,SharkEdge,964.62,680,32
2026-06-07,SharkEdge,973.59,694,33
2026-06-07,SharkEdge,964.83,712,34
2026-06-25,SharkEdge,955.1,726,35
2026-08-07,SharkEdge,945.58,743,36
2026-08-07,SharkEdge,933.73,756,37
2026-01-04,SharkScale,1000.0,0,0
2026-01-04,SharkScale,1014.71,177,1
2026-01-04,SharkScale,1040.49,184,2
2026-01-04,SharkScale,1022.27,197,3
2026-01-04,SharkScale,1042.11,213,4
2026-01-04,SharkScale,1026.54,215,5
2026-01-30,SharkScale,1043.9,265,6
2026-02-11,SharkScale,1057.71,279,7
2026-02-11,SharkScale,1076.71,294,8
2026-02-11,SharkScale,1089.41,307,9
2026-02-13,SharkScale,1071.62,328,10
2026-02-26,SharkScale,1084.79,340,11
2026-02-26,SharkScale,1094.04,359,12
2026-02-26,SharkScale,1104.07,370,13
2026-03-01,SharkScale,1119.93,404,14
2026-03-01,SharkScale,1133.05,406,15
2026-03-20,SharkScale,1142.1,421,16
2026-03-20,SharkScale,1122.48,426,17
2026-03-20,SharkScale,1133.93,428,18
2026-03-20,SharkScale,1117.13,430,19
2026-04-03,SharkScale,1125.18,481,20
2026-04-03,SharkScale,1118.09,498,21
2026-04-25,SharkScale,1107.76,520,22
2026-04-25,SharkScale,1102.02,534,23
2026-05-02,SharkScale,1091.94,551,24
2026-05-02,SharkScale,1103.95,566,25
2026-05-02,SharkScale,1108.49,584,26
2026-06-07,SharkScale,1102.47,692,27
2026-06-07,SharkScale,1092.71,705,28
2026-06-07,SharkScale,1104.78,721,29
2026-06-25,SharkScale,1111.33,739,30
2026-08-07,SharkScale,1101.53,753,31
2026-08-07,SharkScale,1094.98,770,32
2026-05-22,ShelterDrake,1000.0,0,0
2026-05-22,ShelterDrake,1017.25,643,1
2026-05-22,ShelterDrake,1032.86,646,2
2026-05-22,ShelterDrake,1049.31,664,3
2026-05-22,ShelterDrake,1027.22,667,4
2025-09-07,SilverWolf,1000.0,0,0
2025-09-07,SilverWolf,986.91,14,1
2025-11-12,SilverWolf,1005.66,36,2
2025-11-12,SilverWolf,1025.61,56,3
2025-11-12,SilverWolf,1004.1,60,4
2025-12-02,SilverWolf,1019.26,79,5
2025-12-02,SilverWolf,1001.72,87,6
2025-12-27,SilverWolf,991.66,133,7
2025-12-27,SilverWolf,979.94,145,8
2026-01-04,SilverWolf,968.27,223,9
2026-01-30,SilverWolf,981.77,259,10
2026-02-11,SilverWolf,971.74,274,11
2026-02-11,SilverWolf,986.94,297,12
2026-02-13,SilverWolf,973.53,321,13
2026-02-26,SilverWolf,984.63,339,14
2026-02-26,SilverWolf,976.01,360,15
2026-02-26,SilverWolf,989.09,369,16
2026-02-26,SilverWolf,1002.9,386,17
2026-03-01,SilverWolf,1020.64,390,18
2026-03-01,SilverWolf,1030.45,398,19
2026-04-03,SilverWolf,1018.77,474,20
2026-04-03,SilverWolf,1030.57,489,21
2026-04-25,SilverWolf,1043.8,511,22
2026-04-25,SilverWolf,1052.59,526,23
2026-05-02,SilverWolf,1036.77,545,24
2026-05-02,SilverWolf,1044.15,561,25
2026-05-02,SilverWolf,1033.49,574,26
2026-05-10,SilverWolf,1025.17,591,27
2026-05-10,SilverWolf,1019.08,594,28
2026-05-10,SilverWolf,1028.59,601,29
2026-06-07,SilverWolf,1020.17,688,30
2026-06-07,SilverWolf,1025.13,702,31
2026-06-07,SilverWolf,1030.05,720,32
2026-06-25,SilverWolf,1036.75,734,33
2026-08-07,SilverWolf,1047.01,750,34
2026-08-07,SilverWolf,1054.49,763,35
2026-01-04,SolEclipse,1000.0,0,0
2026-01-04,SolEclipse,1015.88,176,1
2026-01-04,SolEclipse,999.61,177,2
2026-01-04,SolEclipse,1020.79,191,3
2026-01-04,SolEclipse,1039.24,200,4
2026-01-04,SolEclipse,1021.4,205,5
2026-01-04,SolEclipse,1011.32,207,6
2026-01-04,SolEclipse,992.85,222,7
2026-01-04,SolEclipse,1004.49,223,8
2026-01-30,SolEclipse,990.53,265,9
2026-02-11,SolEclipse,975.55,278,10
2026-02-11,SolEclipse,959.34,296,11
2026-02-11,SolEclipse,984.06,308,12
2026-02-13,SolEclipse,997.66,327,13
2026-02-26,SolEclipse,988.8,344,14
2026-02-26,SolEclipse,976.91,356,15
2026-02-26,SolEclipse,964.26,373,16
2026-03-01,SolEclipse,954.37,402,17
2026-03-01,SolEclipse,944.17,405,18
2026-04-03,SolEclipse,956.25,469,19
2026-04-03,SolEclipse,966.67,486,20
2026-04-25,SolEclipse,956.26,508,21
2026-04-25,SolEclipse,949.24,522,22
2026-05-02,SolEclipse,945.16,539,23
2026-05-02,SolEclipse,935.26,554,24
2026-05-02,SolEclipse,947.14,572,25
2026-05-22,SolEclipse,941.36,637,26
2026-05-22,SolEclipse,931.29,641,27
2026-06-07,TriceraPress,1000.0,0,0
2026-06-07,TriceraPress,984.63,678,1
2026-06-07,TriceraPress,1008.21,696,2
2026-06-07,TriceraPress,1018.11,711,3
2026-06-25,TriceraPress,1041.64,725,4
2026-08-07,TriceraPress,1010.29,742,5
2026-08-07,TriceraPress,1027.57,756,6
2025-09-07,TuskMammoth,1000.0,0,0
2025-09-07,TuskMammoth,1013.8,2,1
2025-09-07,TuskMammoth,1031.05,17,2
2025-09-07,TuskMammoth,1007.99,25,3
2025-11-12,TuskMammoth,1020.39,50,4
2025-11-12,TuskMammoth,1039.75,58,5
2025-11-12,TuskMammoth,1066.57,62,6
2025-11-12,TuskMammoth,1040.19,65,7
2025-12-02,TuskMammoth,1049.24,75,8
2025-12-02,TuskMammoth,1058.83,93,9
2025-12-11,TuskMammoth,1069.33,104,10
2025-12-11,TuskMammoth,1077.71,113,11
2025-12-11,TuskMammoth,1065.31,116,12
2025-12-11,TuskMammoth,1052.22,117,13
2025-12-27,TuskMammoth,1038.88,120,14
2025-12-27,TuskMammoth,1047.3,140,15
2025-12-27,TuskMammoth,1056.09,165,16
2025-12-27,TuskMammoth,1068.88,169,17
2025-12-27,TuskMammoth,1080.48,173,18
2025-12-27,TuskMammoth,1059.38,175,19
2026-01-04,TuskMammoth,1061.97,185,20
2026-01-04,TuskMammoth,1070.1,197,21
2026-01-04,TuskMammoth,1057.87,203,22
2026-01-04,TuskMammoth,1062.74,206,23
2026-01-04,TuskMammoth,1071.35,208,24
2026-01-30,TuskMammoth,1081.73,269,25
2026-02-11,TuskMammoth,1093.36,285,26
2026-02-11,TuskMammoth,1105.14,288,27
2026-02-11,TuskMammoth,1114.19,303,28
2026-02-11,TuskMammoth,1124.43,304,29
2026-02-11,TuskMammoth,1135.74,305,30
2026-02-11,TuskMammoth,1114.08,306,31
2026-02-13,TuskMammoth,1123.44,334,32
2026-02-26,TuskMammoth,1104.98,346,33
2026-02-26,TuskMammoth,1095.41,354,34
2026-02-26,TuskMammoth,1084.09,376,35
2026-03-01,TuskMammoth,1095.35,413,36
2026-03-01,TuskMammoth,1087.91,415,37
2026-03-20,TuskMammoth,1098.57,423,38
2026-03-20,TuskMammoth,1093.5,427,39
2026-03-20,TuskMammoth,1098.63,429,40
2026-03-20,TuskMammoth,1106.35,430,41
2026-03-20,TuskMammoth,1113.46,434,42
2026-03-20,TuskMammoth,1102.97,435,43
2026-04-03,TuskMammoth,1097.62,483,44
2026-04-03,TuskMammoth,1104.39,495,45
2026-04-25,TuskMammoth,1108.64,518,46
2026-04-25,TuskMammoth,1115.35,536,47
2026-05-02,TuskMammoth,1123.99,551,48
2026-05-02,TuskMammoth,1133.95,569,49
2026-05-02,TuskMammoth,1120.53,583,50
2026-05-10,TuskMammoth,1128.98,589,51
2026-05-10,TuskMammoth,1135.54,595,52
2026-05-10,TuskMammoth,1124.86,600,53
2026-05-10,TuskMammoth,1132.36,603,54
2026-05-10,TuskMammoth,1138.23,604,55
2026-05-10,TuskMammoth,1125.19,605,56
2026-06-07,TuskMammoth,1129.46,691,57
2026-06-07,TuskMammoth,1122.48,707,58
2026-06-07,TuskMammoth,1117.73,722,59
2026-06-25,TuskMammoth,1109.54,737,60
2026-08-07,TuskMammoth,1116.0,755,61
2026-08-07,TuskMammoth,1121.34,770,62
2025-09-07,TyrannoBeat,1000.0,0,0
2025-09-07,TyrannoBeat,1013.8,10,1
2025-09-07,TyrannoBeat,997.18,21,2
2025-11-12,TyrannoBeat,982.36,38,3
2025-12-02,TyrannoBeat,971.84,73,4
2025-12-02,TyrannoBeat,950.57,96,5
2025-12-27,TyrannoBeat,966.66,124,6
2025-12-27,TyrannoBeat,953.08,150,7
2026-01-04,TyrannoBeat,930.85,189,8
2026-01-04,TyrannoBeat,922.83,224,9
2026-02-26,TyrannoBeat,908.57,383,10
2026-03-20,TyrannoBeat,891.81,440,11
2026-03-20,TyrannoBeat,878.92,451,12
2026-05-22,TyrannoBeat,863.17,639,13
2026-05-22,TyrannoBeat,851.72,642,14
2026-06-07,TyrannoBeat,835.44,677,15
2026-06-07,TyrannoBeat,818.12,694,16
2026-06-07,TyrannoBeat,807.88,711,17
2026-06-25,TyrannoBeat,836.77,728,18
2026-08-07,TyrannoBeat,831.01,744,19
2026-08-07,TyrannoBeat,854.28,758,20
2026-02-26,TyrannoRoar,1000.0,0,0
2026-02-26,TyrannoRoar,1015.88,380,1
2026-02-26,TyrannoRoar,1037.0,381,2
2026-02-26,TyrannoRoar,1053.56,383,3
2026-02-26,TyrannoRoar,1063.81,387,4
2026-03-20,TyrannoRoar,1036.69,436,5
2026-03-20,TyrannoRoar,1048.0,451,6
2026-03-20,TyrannoRoar,1020.75,460,7
2026-05-22,TyrannoRoar,1027.96,631,8
2026-05-22,TyrannoRoar,1037.2,634,9
2026-05-22,TyrannoRoar,1017.83,663,10
2025-09-07,UnicornSting,1000.0,0,0
2025-09-07,UnicornSting,1020.0,8,1
2025-09-07,UnicornSting,1038.2,20,2
2025-09-07,UnicornSting,1018.18,26,3
2025-11-12,UnicornSting,1034.26,35,4
2025-11-12,UnicornSting,1006.65,51,5
2025-12-02,UnicornSting,992.87,76,6
2025-12-02,UnicornSting,976.23,94,7
2025-12-27,UnicornSting,996.17,128,8
2025-12-27,UnicornSting,1011.18,147,9
2025-12-27,UnicornSting,998.64,153,10
2026-01-04,UnicornSting,1006.99,192,11
2026-01-04,UnicornSting,992.49,201,12
2026-01-30,UnicornSting,1002.96,260,13
2026-02-11,UnicornSting,991.27,273,14
2026-02-11,UnicornSting,1004.81,301,15
2026-02-13,UnicornSting,993.77,322,16
2026-02-26,UnicornSting,984.29,339,17
2026-02-26,UnicornSting,993.45,361,18
2026-02-26,UnicornSting,989.32,368,19
2026-03-01,UnicornSting,997.74,392,20
2026-03-01,UnicornSting,988.85,395,21
2026-03-20,UnicornSting,978.84,439,22
2026-03-20,UnicornSting,967.11,453,23
2026-05-22,UnicornSting,977.19,639,24
2026-05-22,UnicornSting,987.26,641,25
2026-05-22,UnicornSting,976.69,666,26
2026-01-30,ValkyrieVolt,1000.0,0,0
2026-01-30,ValkyrieVolt,985.43,261,1
2026-02-11,ValkyrieVolt,1008.85,272,2
2026-02-11,ValkyrieVolt,1026.76,298,3
2026-02-11,ValkyrieVolt,1059.88,306,4
2026-02-13,ValkyrieVolt,1074.45,323,5
2026-02-26,ValkyrieVolt,1100.83,337,6
2026-02-26,ValkyrieVolt,1112.8,362,7
2026-02-26,ValkyrieVolt,1121.83,368,8
2026-03-01,ValkyrieVolt,1090.1,390,9
2026-03-01,ValkyrieVolt,1100.39,399,10
2026-03-20,ValkyrieVolt,1117.56,420,11
2026-03-20,ValkyrieVolt,1138.37,426,12
2026-03-20,ValkyrieVolt,1121.81,431,13
2026-03-20,ValkyrieVolt,1107.65,434,14
2026-04-03,ValkyrieVolt,1115.64,482,15
2026-04-03,ValkyrieVolt,1128.0,497,16
2026-04-25,ValkyrieVolt,1141.86,519,17
2026-04-25,ValkyrieVolt,1151.47,534,18
2026-05-02,ValkyrieVolt,1126.66,553,19
2026-05-02,ValkyrieVolt,1114.57,569,20
2026-05-02,ValkyrieVolt,1106.99,582,21
2026-06-07,ValkyrieVolt,1114.68,692,22
2026-06-07,ValkyrieVolt,1103.17,706,23
2026-06-07,ValkyrieVolt,1116.54,724,24
2026-06-25,ValkyrieVolt,1120.83,738,25
2026-08-07,ValkyrieVolt,1113.83,754,26
2026-08-07,ValkyrieVolt,1108.78,767,27
2025-09-07,ViperTail,1000.0,0,0
2025-09-07,ViperTail,1013.8,1,1
2025-09-07,ViperTail,996.54,17,2
2025-11-12,ViperTail,1015.63,42,3
2025-11-12,ViperTail,995.52,58,4
2025-12-02,ViperTail,1016.1,77,5
2025-12-02,ViperTail,1038.09,85,6
2025-12-11,ViperTail,1021.27,103,7
2025-12-27,ViperTail,1039.7,121,8
2025-12-27,ViperTail,1063.7,166,9
2025-12-27,ViperTail,1038.39,170,10
2026-01-04,ViperTail,1045.4,190,11
2026-01-04,ViperTail,1031.02,200,12
2026-01-30,ViperTail,1020.49,271,13
2026-02-11,ViperTail,1009.22,286,14
2026-02-11,ViperTail,1001.25,290,15
2026-02-13,ViperTail,986.14,332,16
2026-02-26,ViperTail,1011.53,346,17
2026-02-26,ViperTail,1028.05,350,18
2026-02-26,ViperTail,1020.08,375,19
2026-03-01,ViperTail,1035.71,411,20
2026-03-01,ViperTail,1046.85,417,21
2026-04-03,ViperTail,1055.97,477,22
2026-04-03,ViperTail,1043.23,493,23
2026-04-25,ViperTail,1030.62,514,24
2026-04-25,ViperTail,1041.17,531,25
2026-05-02,ViperTail,1032.0,546,26
2026-05-02,ViperTail,1035.99,564,27
2026-05-02,ViperTail,1046.16,581,28
2026-06-07,ViperTail,1056.41,687,29
2026-06-07,ViperTail,1047.1,703,30
2026-06-07,ViperTail,1037.72,718,31
2026-06-25,ViperTail,1044.27,733,32
2026-08-07,ViperTail,1053.48,751,33
2026-08-07,ViperTail,1046.82,766,34
2025-09-07,WeissTiger,1000.0,0,0
2025-09-07,WeissTiger,1020.0,15,1
2025-09-07,WeissTiger,1004.6,24,2
2025-11-12,WeissTiger,997.83,32,3
2025-12-02,WeissTiger,1010.83,74,4
2025-12-02,WeissTiger,1028.48,92,5
2025-12-27,WeissTiger,1051.1,119,6
2025-12-27,WeissTiger,1064.17,164,7
2025-12-27,WeissTiger,1041.17,169,8
2026-01-04,WeissTiger,1016.64,179,9
2026-01-30,WeissTiger,1005.91,266,10
2026-02-11,WeissTiger,1022.18,277,11
2026-02-11,WeissTiger,1031.3,293,12
2026-02-13,WeissTiger,1043.04,328,13
2026-02-26,WeissTiger,1032.37,342,14
2026-02-26,WeissTiger,1018.24,357,15
2026-02-26,WeissTiger,1029.11,373,16
2026-03-01,WeissTiger,1039.67,400,17
2026-03-01,WeissTiger,1049.1,409,18
2026-03-20,WeissTiger,1038.01,422,19
2026-03-20,WeissTiger,1046.7,425,20
2026-03-20,WeissTiger,1036.92,428,21
2026-03-20,WeissTiger,1031.11,433,22
2026-04-03,WeissTiger,1018.88,478,23
2026-04-03,WeissTiger,1029.32,493,24
2026-04-25,WeissTiger,1037.22,515,25
2026-04-25,WeissTiger,1028.07,530,26
2026-05-02,WeissTiger,1032.2,549,27
2026-05-02,WeissTiger,1038.33,565,28
2026-05-02,WeissTiger,1029.37,578,29
2026-05-02,WeissTiger,1037.18,587,30
2026-06-07,WeissTiger,1045.9,688,31
2026-06-07,WeissTiger,1053.05,701,32
2026-06-07,WeissTiger,1043.38,717,33
2026-06-25,WeissTiger,1054.84,735,34
2026-08-07,WeissTiger,1069.16,749,35
2026-08-07,WeissTiger,1076.88,766,36
2025-11-12,WhaleFlame,1000.0,0,0
2025-11-12,WhaleFlame,984.82,44,1
2025-12-02,WhaleFlame,966.93,67,2
2025-12-02,WhaleFlame,982.53,99,3
2025-12-27,WhaleFlame,963.69,147,4
2026-01-04,WhaleFlame,950.88,192,5
2026-03-20,WhaleFlame,960.89,445,6
2026-03-20,WhaleFlame,950.4,446,7
2026-03-20,WhaleFlame,929.99,461,8
2026-05-22,WhaleFlame,913.1,638,9
2026-05-22,WhaleFlame,924.92,642,10
2026-05-22,WhaleFlame,912.09,664,11
2025-09-07,WhaleWave,1000.0,0,0
2025-09-07,WhaleWave,975.88,13,1
2025-11-12,WhaleWave,993.88,44,2
2025-11-12,WhaleWave,978.96,54,3
2025-12-02,WhaleWave,993.49,82,4
2025-12-02,WhaleWave,976.98,92,5
2025-12-27,WhaleWave,992.33,132,6
2025-12-27,WhaleWave,976.61,136,7
2025-12-27,WhaleWave,992.87,143,8
2025-12-27,WhaleWave,983.26,160,9
2026-01-04,WhaleWave,1000.87,189,10
2026-01-04,WhaleWave,994.05,199,11
2026-01-30,WhaleWave,984.66,259,12
2026-02-11,WhaleWave,974.71,275,13
2026-02-11,WhaleWave,961.03,298,14
2026-02-13,WhaleWave,948.51,324,15
2026-02-26,WhaleWave,964.15,336,16
2026-02-26,WhaleWave,952.02,364,17
2026-02-26,WhaleWave,935.99,366,18
2026-03-01,WhaleWave,921.25,393,19
2026-03-01,WhaleWave,936.37,395,20
2026-03-20,WhaleWave,943.83,444,21
2026-03-20,WhaleWave,934.61,450,22
2026-03-20,WhaleWave,947.03,459,23
2026-03-20,WhaleWave,940.75,466,24
2026-05-22,WhaleWave,935.72,631,25
2026-05-22,WhaleWave,929.12,636,26
2025-09-07,WizardArc,1000.0,0,0
2025-09-07,WizardArc,986.2,1,1
2025-11-12,WizardArc,972.51,33,2
2025-12-02,WizardArc,953.38,72,3
2025-12-02,WizardArc,972.98,95,4
2025-12-27,WizardArc,957.69,132,5
2025-12-27,WizardArc,943.44,149,6
2026-01-04,WizardArc,934.34,190,7
2026-03-20,WizardArc,914.25,442,8
2026-03-20,WizardArc,932.81,452,9
2026-03-20,WizardArc,951.79,461,10
2026-03-20,WizardArc,961.98,467,11
2026-04-03,WizardArc,975.96,468,12
2026-04-03,WizardArc,984.51,484,13
2026-04-25,WizardArc,999.72,508,14
2026-04-25,WizardArc,980.35,525,15
2026-05-02,WizardArc,994.76,541,16
2026-05-02,WizardArc,979.67,556,17
2026-05-02,WizardArc,969.44,571,18
2026-06-07,WizardArc,960.41,682,19
2026-06-07,WizardArc,954.1,699,20
2026-06-07,WizardArc,946.88,713,21
2026-06-25,WizardArc,958.38,730,22
2026-08-07,WizardArc,969.95,745,23
2026-08-07,WizardArc,978.4,762,24
2025-09-07,WizardArrow,1000.0,0,0
2025-09-07,WizardArrow,986.91,11,1
2025-11-12,WizardArrow,972.35,46,2
2025-12-02,WizardArrow,948.86,84,3
2025-12-02,WizardArrow,930.78,98,4
2025-12-27,WizardArrow,908.64,125,5
2026-01-04,WizardArrow,886.73,193,6
2026-03-20,WizardArrow,872.36,444,7
2026-03-20,WizardArrow,903.2,454,8
2026-03-20,WizardArrow,890.13,463,9
2026-05-22,WizardArrow,878.34,645,10
2026-05-22,WizardArrow,863.91,648,11
2025-09-07,WizardRod,1000.0,0,0
2025-09-07,WizardRod,1013.09,14,1
2025-09-07,WizardRod,1028.67,23,2
2025-09-07,WizardRod,1044.48,28,3
2025-09-07,WizardRod,1027.09,30,4
2025-11-12,WizardRod,1011.09,35,5
2025-12-02,WizardRod,996.33,80,6
2025-12-02,WizardRod,981.35,95,7
2025-12-27,WizardRod,994.67,126,8
2025-12-27,WizardRod,1009.89,148,9
2025-12-27,WizardRod,998.82,151,10
2026-01-04,WizardRod,990.59,182,11
2026-01-30,WizardRod,981.01,258,12
2026-02-11,WizardRod,992.23,275,13
2026-02-11,WizardRod,979.37,299,14
2026-02-13,WizardRod,965.66,320,15
2026-02-26,WizardRod,977.77,338,16
2026-02-26,WizardRod,968.82,361,17
2026-02-26,WizardRod,955.07,369,18
2026-02-26,WizardRod,945.33,385,19
2026-03-01,WizardRod,929.62,391,20
2026-03-01,WizardRod,920.37,399,21
2026-03-20,WizardRod,905.74,437,22
2026-03-20,WizardRod,923.35,455,23
2026-03-20,WizardRod,910.87,462,24
2026-05-22,WizardRod,897.4,650,25
2026-05-22,WizardRod,883.87,653,26
2026-02-11,WolfHunt,1000.0,0,0
2026-02-11,WolfHunt,1020.0,302,1
2026-02-11,WolfHunt,1003.15,304,2
2026-02-26,WolfHunt,979.8,386,3
2026-03-20,WolfHunt,996.89,440,4
2026-03-20,WolfHunt,1007.47,447,5
2026-03-20,WolfHunt,1028.29,457,6
2026-04-03,WolfHunt,1039.87,470,7
2026-04-03,WolfHunt,1021.68,485,8
2026-04-25,WolfHunt,998.11,507,9
2026-04-25,WolfHunt,1007.06,522,10
2026-05-02,WolfHunt,992.66,541,11
2026-05-02,WolfHunt,1014.34,557,12
2026-05-02,WolfHunt,1001.64,570,13
2026-05-22,WolfHunt,1008.76,637,14
2026-05-22,WolfHunt,997.48,640,15
2026-05-22,WolfHunt,987.88,671,16
2026-01-30,WyvernHover,1000.0,0,0
2026-01-30,WyvernHover,1014.75,266,1
2026-02-11,WyvernHover,1032.89,281,2
2026-02-11,WyvernHover,1054.38,295,3
2026-02-11,WyvernHover,1034.29,305,4
2026-02-13,WyvernHover,1015.19,327,5
2026-02-26,WyvernHover,1026.8,341,6
2026-02-26,WyvernHover,1044.78,355,7
2026-02-26,WyvernHover,1033.99,370,8
2026-03-01,WyvernHover,1017.36,401,9
2026-03-01,WyvernHover,1008.7,407,10
2026-04-03,WyvernHover,991.52,476,11
2026-04-03,WyvernHover,974.38,492,12
2026-04-25,WyvernHover,966.14,516,13
2026-04-25,WyvernHover,954.36,533,14
2026-05-02,WyvernHover,946.21,549,15
2026-05-02,WyvernHover,938.21,564,16
2026-05-02,WyvernHover,924.02,579,17
2026-06-07,WyvernHover,918.47,681,18
2026-06-07,WyvernHover,934.94,698,19
2026-06-07,WyvernHover,925.34,715,20
2026-06-25,WyvernHover,918.07,732,21
2026-08-07,WyvernHover,905.92,762,22
